1  3.460344 1.835936
250  1.147461 1.105842
500  1.532148 1.042586
750  1.468583 0.905827
1000  1.744224 0.849123
1250  2.320708 0.691256
1500  1.682258 0.852045
1750  2.527617 0.605923
2000  2.681482 0.724820
2250  2.977705 0.404587
2500  2.852948 0.348068
2750  2.223649 0.289785
3000  3.422899 0.426161
3250  3.694895 0.555540
3500  4.120912 0.170953
3750  3.678047 0.680870
4000  4.131207 0.507757
4250  3.188943 0.334673
4500  2.939769 0.306258
4750  3.084529 0.489198
5000  3.572873 0.294639
5250  3.510642 0.241002
5500  3.449613 0.086477
5750  4.334202 0.109259
6000  4.102768 0.168958
6250  4.525573 0.186478
6500  2.900053 0.183326
6750  4.921711 0.129973
7000  4.446530 0.678902
7250  5.020344 0.277470
7500  4.725466 0.359684
7750  4.983168 0.103955
8000  5.270304 0.134024
8250  4.904858 0.122307
8500  5.204238 0.140537
8750  3.412538 0.670317
9000  5.611957 0.055476
9250  4.048310 0.050438
9500  4.585032 0.051764
9750  5.427241 0.131067
10000  4.572956 0.070756
10250  6.388241 0.209731
10500  5.858624 0.145340
10750  5.671483 0.109597
11000  5.001447 0.138645
11250  5.611507 0.072055
11500  5.808418 0.990752
11750  6.525597 0.066151
12000  6.514736 0.082203
